2016,1,1,97,1,1,98,84,1,1,100,7,71,0,0,0,22510,36610,0,8100
2016,1,1,97,1,2,89,84,1,1,100,10,101,49,4901,0,14100,36610,0,14100
2016,1,2,95,1,1,95,78,4,1,100,7,71,0,0,40,45800,45800,27300,18500
2016,1,3,159,1,1,160,46,1,1,100,8,81,0,0,40,65000,65000,65000,0
2016,1,3,159,1,2,154,52,1,1,100,6,65,0,0,0,0,65000,0,0
2016,1,3,159,1,3,184,20,6,1,100,6,63,0,0,0,0,65000,0,0
2016,1,3,159,1,4,260,16,6,1,100,4,40,0,0,0,0,65000,0,0
2016,1,4,122,1,1,122,66,1,1,100,6,63,0,0,0,3900,60900,0,3900
2016,1,4,122,1,2,113,68,1,1,100,10,101,24,2414,0,57000,60900,0,0
2016,1,5,20,1,1,20,64,1,1,100,6,65,0,0,40,82000,82570,78000,0
2016,1,5,20,1,2,18,63,1,1,100,6,65,0,0,0,570,82570,0,570
2016,1,6,226,1,1,226,25,6,1,100,7,71,0,0,24,19200,19200,19200,0
2016,1,6,226,1,2,155,23,6,1,100,8,81,0,0,40,19100,19200,19100,0
2016,1,7,15,1,1,15,35,4,1,100,10,101,60,6000,40,35000,35000,35000,0
2016,1,8,225,1,1,225,26,1,2,200,7,71,0,0,35,27000,45000,27000,0
2016,1,8,225,1,2,275,25,1,2,200,6,63,0,0,27,18000,45000,18000,0
2016,1,8,225,1,3,263,6,6,2,200,1,12,0,0,0,9999999,45000,999999,99999
2016,1,8,225,1,4,223,1,6,2,200,0,1,0,0,0,9999999,45000,999999,99999
2016,1,8,225,1,5,262,8,6,2,200,1,14,0,0,0,9999999,45000,999999,99999
2016,1,9,151,1,1,151,37,3,1,100,7,71,0,0,40,5000,14000,5000,0
2016,1,9,151,1,2,55,15,6,8,801,3,30,0,0,0,9000,14000,999999,9000
2016,1,9,151,1,3,55,12,6,8,801,2,22,0,0,0,9999999,14000,999999,99999
2016,1,10,20,1,1,20,83,5,2,200,6,63,0,0,0,20200,20200,0,14000
2016,1,11,18,1,1,18,36,1,1,100,10,101,24,2418,50,351200,351200,356000,0
2016,1,11,18,1,2,14,35,1,1,100,10,101,24,2414,0,0,351200,0,0
2016,1,11,18,1,3,25,4,6,1,100,0,2,0,0,0,9999999,351200,999999,99999
2016,1,12,111,1,1,111,72,1,1,100,0,2,0,0,0,13800,25200,0,13800
2016,1,12,111,1,2,93,76,1,4,400,11,114,62,6201,0,11400,25200,0,11400
2016,1,13,204,1,1,204,30,1,1,100,6,63,0,0,30,350,1070,350,0
2016,1,13,204,1,2,164,33,1,1,100,6,63,0,0,40,720,1070,720,0
2016,1,13,204,1,3,226,13,6,1,100,2,22,0,0,0,9999999,1070,999999,99999
2016,1,13,204,1,4,167,11,6,1,100,1,17,0,0,0,9999999,1070,999999,99999
2016,1,13,204,1,5,167,9,6,1,100,1,15,0,0,0,9999999,1070,999999,99999
2016,1,14,59,3,1,59,35,4,1,100,10,101,24,2408,60,2400,9999999,2400,0
2016,1,15,86,1,1,86,53,4,2,200,6,65,0,0,40,17000,17000,17000,0
2016,1,16,10,1,1,10,71,1,1,100,5,50,0,0,16,18000,74800,8000,10000
2016,1,16,10,1,2,12,76,1,1,100,7,71,0,0,0,25200,74800,0,14900
2016,1,16,10,1,3,26,45,4,1,100,7,71,0,0,50,31600,74800,31600,0
2016,1,17,78,1,1,78,57,4,2,200,8,81,0,0,15,39200,60700,15000,0
2016,1,17,78,1,2,142,25,6,2,200,7,71,0,0,30,9000,60700,9000,0
2016,1,17,78,1,3,142,24,6,2,200,7,71,0,0,30,12500,60700,12500,0
2016,1,18,71,1,1,71,37,6,2,200,7,71,0,0,40,22600,23600,22600,0
2016,1,18,71,1,2,90,20,6,2,200,6,63,0,0,15,1000,23600,1000,0
2016,1,18,71,1,3,42,16,6,2,200,4,40,0,0,0,0,23600,0,0
2016,1,19,50,1,1,50,50,1,1,100,6,65,0,0,10,52000,57000,10000,0
2016,1,19,50,1,2,74,49,1,1,100,7,71,0,0,22,5000,57000,5000,0
2016,1,19,50,1,3,76,13,6,1,100,2,25,0,0,0,9999999,57000,999999,99999
2016,1,19,50,1,4,56,12,6,1,100,2,22,0,0,0,9999999,57000,999999,99999
2016,1,20,27,1,1,28,67,1,2,200,6,65,0,0,40,83000,158000,59000,24000
2016,1,20,27,1,2,31,67,1,2,200,6,65,0,0,80,75000,158000,60000,15000
2016,1,21,31,3,1,31,93,5,1,100,6,63,0,0,0,12000,9999999,0,12000
2016,1,22,42,1,1,42,86,5,1,100,0,2,0,0,0,19600,19600,0,9600
2016,1,23,85,1,1,85,36,3,2,200,6,63,0,0,50,80000,80000,80000,0
2016,1,24,73,1,1,73,69,5,1,100,6,65,0,0,0,19800,61800,0,15000
2016,1,24,73,1,2,96,45,6,1,100,7,71,0,0,40,5000,61800,0,0
2016,1,24,73,1,3,167,42,1,1,100,7,71,0,0,16,9500,61800,9500,0
2016,1,24,73,1,4,135,66,6,1,100,10,101,23,2304,40,17100,61800,17100,0
2016,1,24,73,1,5,137,50,1,1,100,6,65,0,0,40,10400,61800,10400,0
2016,1,25,75,1,1,76,61,1,2,200,6,63,0,0,0,0,43000,0,0
2016,1,25,75,1,2,109,64,1,2,200,6,63,0,0,0,43000,43000,0,19000
2016,1,26,29,1,1,29,75,1,1,100,3,30,0,0,2,7130,24730,830,6300
2016,1,26,29,1,2,52,77,1,3,310,3,30,0,0,0,17600,24730,0,17600
2016,1,27,214,1,1,214,71,4,1,100,11,114,11,1103,0,10800,10800,0,10800
2016,1,28,48,1,1,49,71,1,2,200,7,71,0,0,0,27200,36800,0,20000
2016,1,28,48,1,2,42,61,1,2,200,6,63,0,0,0,9600,36800,0,9600
2016,1,29,246,1,1,247,48,1,1,100,8,81,0,0,28,32200,88800,11400,0
2016,1,29,246,1,2,146,47,1,1,100,6,64,0,0,55,40000,88800,40000,0
2016,1,29,246,1,3,48,19,6,1,100,6,63,0,0,45,16600,88800,16600,0
2016,1,29,246,1,4,91,16,6,1,100,4,40,0,0,0,0,88800,0,0
2016,1,30,173,1,1,172,32,1,1,100,7,71,0,0,40,45800,135800,45800,0
2016,1,30,173,1,2,145,38,1,1,100,10,101,21,2102,40,90000,135800,90000,0
2016,1,30,173,1,3,153,10,6,1,100,1,16,0,0,0,9999999,135800,999999,99999
2016,1,30,173,1,4,152,6,6,1,100,1,12,0,0,0,9999999,135800,999999,99999
2016,1,31,62,1,1,62,70,1,1,100,8,81,0,0,0,18500,173300,0,9800
2016,1,31,62,1,2,62,77,1,1,100,10,101,50,5003,0,154800,173300,0,12800
2016,1,32,14,1,1,13,23,1,1,100,7,71,0,0,40,16000,31000,16000,0
2016,1,32,14,1,2,9,21,1,1,100,6,65,0,0,40,15000,31000,15000,0
2016,1,33,77,3,1,77,71,2,1,100,6,63,0,0,0,0,9999999,0,0
2016,1,34,74,1,1,74,28,6,2,200,7,71,0,0,40,23500,23500,23500,0
2016,1,34,74,1,2,78,5,6,2,200,1,11,0,0,0,9999999,23500,999999,99999
2016,1,35,20,1,1,19,64,1,1,100,6,63,0,0,40,172000,172000,30000,0
2016,1,35,20,1,2,18,55,1,1,100,7,71,0,0,0,0,172000,0,0
2016,1,36,49,1,1,49,36,1,1,100,7,71,0,0,45,68000,81100,68000,0
2016,1,36,49,1,2,52,39,1,1,100,6,63,0,0,30,10000,81100,0,0
2016,1,36,49,1,3,58,9,6,1,100,1,15,0,0,0,9999999,81100,999999,99999
2016,1,36,49,1,4,66,6,6,1,100,1,12,0,0,0,9999999,81100,999999,99999
2016,1,36,49,1,5,42,18,6,1,100,6,65,0,0,25,3100,81100,3100,0
2016,1,37,277,1,1,277,26,6,1,100,5,50,0,0,35,13100,13100,13100,0
2016,1,37,277,1,2,443,8,6,1,100,1,12,0,0,0,9999999,13100,999999,99999
2016,1,38,101,1,1,101,46,6,1,100,6,64,0,0,40,19980,19980,19300,680
2016,1,38,101,1,2,84,54,4,1,100,10,101,61,6107,40,60000,19980,60000,0
2016,1,39,257,1,1,257,28,6,1,100,10,101,48,4801,30,7040,7040,7000,0
2016,1,40,18,1,1,18,58,1,1,100,11,116,50,5003,80,356000,356000,356000,0
2016,1,40,18,1,2,17,57,1,1,100,10,101,52,5200,0,0,356000,0,0
2016,1,41,59,1,1,59,31,4,1,100,6,63,0,0,0,8800,8800,0,0
2016,1,41,59,1,2,49,8,6,1,100,1,15,0,0,0,9999999,8800,999999,99999
2016,1,41,59,1,3,53,4,6,1,100,0,2,0,0,0,9999999,8800,999999,99999
2016,1,42,201,1,1,201,42,1,6,610,10,101,62,6201,50,104400,146400,90000,0
2016,1,42,201,1,2,162,41,1,6,610,10,101,52,5200,50,42000,146400,12000,0
2016,1,42,201,1,3,200,15,6,6,610,3,30,0,0,0,0,146400,999999,0
2016,1,42,201,1,4,143,3,6,6,610,1,11,0,0,0,9999999,146400,999999,99999
2016,1,43,61,1,1,61,25,1,1,100,7,71,0,0,30,15000,50000,10000,0
2016,1,43,61,1,2,54,24,1,1,100,7,71,0,0,45,35000,50000,35000,0
2016,1,43,61,1,3,80,0,6,1,100,0,1,0,0,0,9999999,50000,999999,99999
2016,1,44,29,3,1,29,77,5,1,100,6,63,0,0,0,4300,9999999,0,4300
2016,1,45,46,1,1,46,40,1,1,100,10,101,62,6207,40,78000,173000,78000,0
2016,1,45,46,1,2,60,39,1,1,100,11,114,62,6210,40,95000,173000,95000,0
2016,1,45,46,1,3,50,5,6,1,100,1,11,0,0,0,9999999,173000,999999,99999
2016,1,46,123,1,1,123,75,4,2,200,3,30,0,0,0,12900,12900,0,12900
2016,1,47,105,3,1,105,75,5,2,200,2,25,0,0,0,4300,9999999,0,4300
2016,1,48,109,1,1,108,56,5,1,100,3,30,0,0,40,23200,26400,21000,0
2016,1,48,109,1,2,210,19,1,1,100,6,64,0,0,30,3200,26400,3200,0
2016,1,48,109,1,3,234,20,1,1,100,6,64,0,0,0,0,26400,0,0
2016,1,49,65,1,1,64,65,5,1,100,6,63,0,0,0,24000,34000,0,18000
2016,1,49,65,1,2,147,40,4,1,100,6,63,0,0,32,10000,34000,10000,0
2016,1,50,83,3,1,83,17,2,1,100,7,71,0,0,99,21000,9999999,21000,0
2016,1,51,76,1,1,75,32,2,1,100,11,115,53,5301,45,80000,80000,80000,0
2016,1,52,87,1,1,87,66,1,1,100,11,115,62,6201,40,87200,117500,80000,7200
2016,1,52,87,1,2,52,54,1,1,100,10,101,23,2304,0,23500,117500,0,14500
2016,1,52,87,1,3,164,27,6,1,100,7,71,0,0,40,6800,117500,6800,0
2016,1,53,11,1,1,12,40,1,6,610,10,101,34,3401,82,356000,442600,356000,0
2016,1,53,11,1,2,22,32,1,6,610,6,64,0,0,45,46000,442600,46000,0
2016,1,53,11,1,3,24,12,6,6,610,2,22,0,0,0,9999999,442600,999999,99999
2016,1,53,11,1,4,24,8,6,6,610,1,12,0,0,0,9999999,442600,999999,99999
2016,1,53,11,1,5,48,72,5,6,610,7,71,0,0,0,3600,442600,0,0
2016,1,53,11,1,6,49,66,4,6,610,6,64,0,0,0,37000,442600,0,15000
2016,1,54,44,1,1,44,56,1,2,200,11,114,14,1401,40,81000,161000,81000,0
2016,1,54,44,1,2,33,52,1,2,200,8,81,0,0,40,80000,161000,80000,0
2016,1,55,94,1,1,94,45,1,1,100,10,101,62,6206,40,22000,82000,22000,0
2016,1,55,94,1,2,51,60,1,1,100,7,71,0,0,40,60000,82000,0,0
2016,1,55,94,1,3,47,13,6,1,100,2,25,0,0,0,9999999,82000,999999,99999
2016,1,56,117,1,1,116,52,3,2,200,6,64,0,0,0,7700,7700,0,0
2016,1,57,157,1,1,157,22,3,1,100,6,63,0,0,0,0,0,0,0
2016,1,57,157,1,2,320,3,6,1,100,0,2,0,0,0,9999999,0,999999,99999
2016,1,57,157,1,3,320,0,6,1,100,0,1,0,0,0,9999999,0,999999,99999
2016,1,57,157,1,4,554,50,6,1,100,2,23,0,0,0,0,0,0,0
2016,1,58,48,1,1,47,58,1,1,100,6,64,0,0,0,13700,13700,0,13700
2016,1,58,48,1,2,40,61,1,1,100,6,61,0,0,0,0,13700,0,0
2016,1,59,123,1,1,123,49,4,1,100,6,65,0,0,38,76000,77900,76000,0
2016,1,59,123,1,2,188,17,6,1,100,5,50,0,0,15,1900,77900,1900,0
2016,1,60,121,1,1,121,55,3,1,100,6,63,0,0,40,42000,54000,42000,0
2016,1,60,121,1,2,183,41,4,1,100,6,64,0,0,0,0,54000,0,0
2016,1,60,121,1,3,285,20,6,1,100,6,63,0,0,40,12000,54000,12000,0
2016,1,61,95,1,1,95,66,4,1,100,6,65,0,0,0,3800,3800,0,1600
2016,1,61,95,1,2,344,71,5,1,100,7,71,0,0,20,25000,25000,5000,20000
2016,1,62,145,1,1,146,63,1,1,100,6,65,0,0,32,71000,168000,71000,0
2016,1,62,145,1,2,139,63,1,1,100,8,81,0,0,40,97000,168000,97000,0
2016,1,63,18,1,1,17,43,1,1,100,10,101,21,2105,50,118000,118000,118000,0
2016,1,63,18,1,2,15,40,1,1,100,7,71,0,0,0,0,118000,0,0
2016,1,63,18,1,3,17,15,6,1,100,3,30,0,0,0,0,118000,999999,0
2016,1,63,18,1,4,18,8,6,1,100,1,16,0,0,0,9999999,118000,999999,99999
2016,1,64,91,1,1,91,26,1,1,100,10,101,48,4801,45,40000,79000,40000,0
2016,1,64,91,1,2,74,24,1,1,100,10,101,61,6107,40,39000,79000,39000,0
2016,1,65,122,1,1,122,46,1,1,100,10,101,52,5200,40,19200,99200,26000,0
2016,1,65,122,1,2,107,63,1,1,100,6,63,0,0,40,40000,99200,40000,0
2016,1,65,122,1,3,162,5,6,1,100,1,11,0,0,0,9999999,99200,999999,99999
2016,1,65,122,1,4,91,2,6,1,100,0,1,0,0,0,9999999,99200,999999,99999
2016,1,65,122,1,5,148,24,2,1,100,6,64,0,0,48,40000,99200,40000,0
2016,1,66,75,1,1,76,45,1,1,100,10,101,11,1105,60,70000,116000,70000,0
2016,1,66,75,1,2,92,42,1,1,100,11,114,23,2304,50,46000,116000,46000,0
2016,1,66,75,1,3,89,14,6,1,100,2,25,0,0,0,9999999,116000,999999,99999
2016,1,66,75,1,4,89,11,6,1,100,1,17,0,0,0,9999999,116000,999999,99999
2016,1,67,120,1,1,120,74,5,2,200,6,63,0,0,0,17600,17600,0,17600
2016,1,68,79,1,1,79,80,4,2,200,6,63,0,0,0,12300,12300,0,12300
2016,1,69,30,1,1,30,80,1,1,100,6,63,0,0,0,16000,24000,0,16000
2016,1,69,30,1,2,28,78,1,1,100,6,63,0,0,0,8000,24000,0,8000
2016,1,70,52,1,1,51,43,6,2,200,6,64,0,0,40,30000,30000,0,0
2016,1,71,128,1,1,129,44,1,1,100,11,114,55,5506,40,87000,125000,87000,0
2016,1,71,128,1,2,111,34,1,6,600,10,101,23,2305,40,38000,125000,38000,0
2016,1,72,97,1,1,97,24,6,1,100,8,81,0,0,50,35000,35000,35000,0
2016,1,73,22,1,1,22,46,1,1,100,10,101,23,2309,40,16510,22510,16500,0
2016,1,73,22,1,2,29,41,1,1,100,10,101,23,2304,21,6000,22510,6000,0
2016,1,73,22,1,3,29,13,6,1,100,2,23,0,0,0,9999999,22510,999999,99999
2016,1,73,22,1,4,33,8,6,1,100,1,14,0,0,0,9999999,22510,999999,99999
2016,1,74,92,1,1,93,69,1,1,100,7,71,0,0,0,22500,45000,0,19000
2016,1,74,92,1,2,94,71,1,1,100,7,71,0,0,0,22500,45000,0,22000
2016,1,75,22,1,1,22,37,1,1,100,7,71,0,0,40,60000,120000,60000,0
2016,1,75,22,1,2,16,36,1,1,100,8,81,0,0,40,60000,120000,60000,0
2016,1,75,22,1,3,15,6,6,1,100,1,12,0,0,0,9999999,120000,999999,99999
2016,1,76,355,1,1,356,31,1,1,100,7,71,0,0,48,13800,13800,13800,0
2016,1,76,355,1,2,145,30,1,1,100,10,101,52,5200,0,0,13800,0,0
2016,1,76,355,1,3,227,3,6,1,100,1,11,0,0,0,9999999,13800,999999,99999
2016,1,76,355,1,4,226,1,6,1,100,0,1,0,0,0,9999999,13800,999999,99999
2016,1,77,87,1,1,86,69,1,1,100,11,114,11,1100,0,45600,83800,0,25200
2016,1,77,87,1,2,134,66,1,1,100,11,114,23,2300,0,38200,83800,0,18000
2016,1,78,61,1,1,61,78,1,1,100,10,101,64,6402,0,131300,141260,0,24000
2016,1,78,61,1,2,66,75,1,1,100,10,101,33,3301,0,9960,141260,0,9900
2016,1,79,88,4,1,88,18,6,1,100,6,63,0,0,0,10000,9999999,0,10000
2016,1,80,41,1,1,41,49,6,2,200,8,81,0,0,40,50000,50000,50000,0
2016,1,81,52,1,1,52,63,6,2,200,6,63,0,0,0,12000,12000,0,12000
2016,1,82,73,1,1,73,57,1,1,100,6,65,0,0,50,44200,44200,44200,0
2016,1,82,73,1,2,64,53,1,1,100,6,63,0,0,0,0,44200,0,0
2016,1,83,21,4,1,21,18,6,1,100,6,63,0,0,10,1200,9999999,1200,0
2016,1,84,154,1,1,154,75,4,1,100,8,81,0,0,0,21600,33900,0,21600
2016,1,84,154,1,2,147,53,6,1,100,6,61,0,0,0,12300,33900,0,12300
2016,1,85,52,1,1,52,23,1,1,100,2,26,0,0,40,24000,33000,24000,0
2016,1,85,52,1,2,45,19,1,1,100,4,40,0,0,0,0,33000,0,0
2016,1,85,52,1,3,75,0,6,1,100,0,1,0,0,0,9999999,33000,999999,99999
2016,1,85,52,1,4,94,58,1,1,100,6,63,0,0,0,0,33000,0,0
2016,1,85,52,1,5,112,55,1,1,100,2,26,0,0,0,9000,33000,0,0
2016,1,86,56,1,1,56,51,1,1,100,10,101,61,6107,36,65000,70000,65000,0
2016,1,86,56,1,2,43,52,1,1,100,6,63,0,0,0,0,70000,0,0
2016,1,86,56,1,3,112,25,6,1,100,7,71,0,0,40,5000,70000,5000,0
2016,1,87,86,1,1,87,69,1,1,100,6,65,0,0,0,43100,43100,0,5500
2016,1,87,86,1,2,87,60,1,1,100,6,63,0,0,0,0,43100,0,0
2016,1,88,42,1,1,42,51,2,2,200,5,50,0,0,0,0,9300,0,0
2016,1,88,42,1,2,104,33,6,2,200,4,40,0,0,0,9300,9300,0,9300
2016,1,88,42,1,3,62,26,6,2,200,8,81,0,0,0,0,9300,0,0
2016,1,88,42,1,4,38,18,2,2,200,5,50,0,0,0,0,9300,0,0
2016,1,89,56,1,1,56,81,5,2,200,6,63,0,0,0,58800,81800,0,12600
2016,1,89,56,1,2,102,60,4,2,200,5,50,0,0,40,23000,81800,23000,0
2016,1,89,56,1,3,105,48,4,2,200,6,63,0,0,0,0,81800,0,0
2016,1,90,67,3,1,67,40,4,1,100,7,71,0,0,0,0,9999999,0,0
2016,1,91,90,1,1,90,62,3,2,200,4,40,0,0,35,19700,29500,16700,3000
2016,1,91,90,1,2,144,37,6,2,200,6,63,0,0,21,9800,29500,9800,0
2016,1,92,123,1,1,123,55,1,2,200,4,40,0,0,40,25500,64300,25500,0
2016,1,92,123,1,2,90,52,1,2,200,5,50,0,0,40,16800,64300,16800,0
2016,1,92,123,1,3,234,24,6,2,200,6,61,0,0,40,22000,64300,22000,0
2016,1,93,31,4,1,31,23,6,1,100,10,101,37,3700,50,15000,9999999,15000,0
2016,1,94,14,1,1,14,65,1,1,100,7,71,0,0,40,26000,44500,26000,0
2016,1,94,14,1,2,17,69,1,1,100,7,71,0,0,0,18500,44500,0,18000
2016,1,95,74,1,1,74,31,1,7,700,2,23,0,0,40,26000,56000,26000,0
2016,1,95,74,1,2,81,29,1,7,700,6,63,0,0,40,30000,56000,30000,0
2016,1,95,74,1,3,69,10,6,7,700,2,22,0,0,0,9999999,56000,999999,99999
2016,1,95,74,1,4,100,9,6,7,700,1,17,0,0,0,9999999,56000,999999,99999
2016,1,96,63,1,1,63,45,1,1,100,8,81,0,0,40,66900,132901,65000,0
2016,1,96,63,1,2,97,41,1,1,100,7,71,0,0,40,66001,132901,66000,0
2016,1,96,63,1,3,87,12,6,1,100,2,22,0,0,0,9999999,132901,999999,99999
2016,1,96,63,1,4,91,9,6,1,100,1,15,0,0,0,9999999,132901,999999,99999
2016,1,97,301,1,1,301,22,6,2,200,6,63,0,0,50,28000,28000,28000,0
2016,1,98,25,1,1,24,51,6,1,100,7,71,0,0,40,29300,48400,29300,0
2016,1,98,25,1,2,41,50,6,1,100,4,40,0,0,40,19100,48400,19100,0
2016,1,99,18,1,1,18,41,4,1,100,7,71,0,0,60,13300,13300,9100,0
2016,1,100,142,1,1,141,73,4,1,100,2,26,0,0,0,17600,17600,0,14000
2016,1,100,142,1,2,336,53,3,1,100,6,61,0,0,0,0,0,0,0
2016,1,101,189,1,1,190,81,5,1,100,6,63,0,0,0,9400,9400,0,9400
2016,1,102,18,1,1,17,84,5,1,100,6,63,0,0,0,29600,29600,0,13000
2016,1,103,143,1,1,143,82,4,1,100,6,63,0,0,0,23200,23200,0,16500
2016,1,104,34,1,1,34,55,1,1,100,11,115,55,5501,60,356050,436050,356000,0
2016,1,104,34,1,2,40,45,1,1,100,11,115,61,6107,20,80000,436050,80000,0
2016,1,104,34,1,3,30,14,6,1,100,2,25,0,0,0,9999999,436050,999999,99999
2016,1,104,34,1,4,41,10,6,1,100,1,17,0,0,0,9999999,436050,999999,99999
2016,1,105,64,1,1,64,71,1,1,100,7,71,0,0,20,31800,40800,9300,22500
2016,1,105,64,1,2,63,67,1,1,100,6,63,0,0,0,9000,40800,0,9000
2016,1,106,26,1,1,26,69,5,1,100,7,71,0,0,0,34300,34300,0,21800
2016,1,107,66,1,1,66,55,1,1,100,6,64,0,0,0,0,65000,0,0
2016,1,107,66,1,2,117,56,1,1,100,6,63,0,0,40,65000,65000,65000,0
2016,1,108,69,1,1,69,26,1,1,100,6,64,0,0,38,10000,43000,10000,0
2016,1,108,69,1,2,122,30,1,1,100,7,71,0,0,40,33000,43000,33000,0
2016,1,108,69,1,3,114,7,6,1,100,1,12,0,0,0,9999999,43000,999999,99999
2016,1,108,69,1,4,63,4,6,1,100,0,2,0,0,0,9999999,43000,999999,99999
2016,1,108,69,1,5,62,0,6,1,100,0,1,0,0,0,9999999,43000,999999,99999
2016,1,109,55,3,1,55,44,4,1,100,6,64,0,0,0,0,9999999,0,0
2016,1,110,351,1,1,351,33,6,2,200,6,63,0,0,40,36000,36000,36000,0
2016,1,110,351,1,2,203,10,6,2,200,1,17,0,0,0,9999999,36000,999999,99999
2016,1,110,351,1,3,146,1,6,2,200,0,1,0,0,0,9999999,36000,999999,99999
2016,1,110,351,1,4,138,31,6,2,200,7,71,0,0,40,21000,36000,21000,0
2016,1,111,148,1,1,148,40,6,2,200,7,71,0,0,50,32000,32000,32000,0
2016,1,111,148,1,2,151,36,6,2,200,8,81,0,0,40,28000,32000,28000,0
2016,1,112,112,1,1,112,37,1,1,100,7,71,0,0,15,7000,97000,7000,0
2016,1,112,112,1,2,99,38,1,1,100,7,71,0,0,50,90000,97000,90000,0
2016,1,112,112,1,3,114,7,6,1,100,1,14,0,0,0,9999999,97000,999999,99999
2016,1,112,112,1,4,91,2,6,1,100,0,1,0,0,0,9999999,97000,999999,99999
2016,1,113,87,1,1,87,74,5,1,100,8,81,0,0,0,45600,45600,0,21600
2016,1,114,19,1,1,20,87,5,2,200,2,23,0,0,0,6200,28400,0,0
2016,1,114,19,1,2,42,41,6,2,200,6,63,0,0,40,22200,28400,22200,0
2016,1,114,19,1,3,12,15,6,2,200,3,30,0,0,0,0,28400,999999,0
2016,1,115,87,1,1,87,77,6,1,100,11,114,61,6105,0,76600,76600,0,18000
2016,1,116,149,1,1,149,43,1,1,100,10,101,23,2307,40,38000,77000,38000,0
2016,1,116,149,1,2,144,47,1,1,100,6,63,0,0,0,39000,77000,0,0
2016,1,116,149,1,3,244,9,6,1,100,1,16,0,0,0,9999999,77000,999999,99999
2016,1,117,40,1,1,41,34,1,1,100,10,101,62,6209,60,37000,124500,37000,0
2016,1,117,40,1,2,39,44,1,1,100,10,101,53,5301,60,60000,124500,60000,0
2016,1,117,40,1,3,69,63,5,1,100,6,63,0,0,0,27500,124500,0,0
2016,1,118,63,1,1,64,93,5,1,100,10,101,60,6000,0,37770,76340,0,13500
2016,1,118,63,1,2,95,66,6,1,100,10,101,60,6001,0,38570,76340,0,18600
2016,1,119,118,1,1,118,64,1,1,100,7,71,0,0,40,35000,88000,35000,0
2016,1,119,118,1,2,102,69,1,1,100,10,101,55,5506,40,53000,88000,23000,20000
2016,1,120,56,1,1,56,86,4,1,100,6,65,0,0,0,20200,59200,0,20200
2016,1,120,56,1,2,107,67,4,1,100,10,101,62,6201,40,39000,59200,0,21000
2016,1,121,23,1,1,23,46,1,1,100,11,115,64,6402,40,150000,150000,150000,0
2016,1,121,23,1,2,35,44,1,1,100,10,101,62,6206,0,0,150000,0,0
2016,1,121,23,1,3,38,17,6,1,100,4,40,0,0,0,0,150000,0,0
2016,1,121,23,1,4,37,14,6,1,100,2,26,0,0,0,9999999,150000,999999,99999
2016,1,121,23,1,5,36,13,6,1,100,2,23,0,0,0,9999999,150000,999999,99999
2016,1,122,100,1,1,100,60,1,1,100,6,63,0,0,45,32010,48010,32000,0
2016,1,122,100,1,2,81,59,1,1,100,8,81,0,0,40,16000,48010,16000,0
2016,1,123,67,1,1,67,60,4,2,200,8,81,0,0,0,9100,9100,0,9100
2016,1,123,67,1,2,219,10,6,2,200,1,16,0,0,0,9999999,9100,999999,99999
2016,1,124,93,1,1,92,65,5,1,100,8,81,0,0,20,8000,8000,2000,6000
2016,1,125,89,1,1,89,28,1,1,100,7,71,0,0,20,3600,8400,3600,0
2016,1,125,89,1,2,39,24,1,1,100,8,81,0,0,50,4800,8400,4800,0
2016,1,126,81,1,1,82,42,4,2,200,6,65,0,0,42,30000,36500,30000,0
2016,1,126,81,1,2,109,21,6,2,200,7,71,0,0,25,6000,36500,6000,0
2016,1,126,81,1,3,98,19,6,2,200,7,71,0,0,10,500,36500,500,0
2016,1,127,247,1,1,248,65,3,2,200,2,23,0,0,0,7800,7800,0,7800
2016,1,127,247,1,2,813,16,6,2,200,4,40,0,0,0,0,7800,0,0
2016,1,127,247,1,3,813,9,6,2,200,1,15,0,0,0,9999999,7800,999999,99999
2016,1,128,80,1,1,80,58,6,1,100,8,81,0,0,50,45000,45000,45000,0
2016,1,129,281,1,1,280,34,6,1,100,8,81,0,0,40,30000,30000,30000,0
2016,1,129,281,1,2,216,33,4,1,100,8,81,0,0,72,23900,30000,23900,0
2016,1,130,199,1,1,199,47,1,2,200,11,114,32,3202,40,50000,100000,50000,0
2016,1,130,199,1,2,224,45,1,2,200,6,63,0,0,40,25000,100000,25000,0
2016,1,130,199,1,3,199,22,6,2,200,7,71,0,0,40,25000,100000,25000,0
2016,1,130,199,1,4,123,15,6,2,200,3,30,0,0,0,0,100000,999999,0
2016,1,131,51,1,1,51,88,1,1,100,6,63,0,0,0,24200,32200,0,11800
2016,1,131,51,1,2,58,83,1,1,100,10,101,36,3606,0,8000,32200,0,8000
2016,1,132,133,1,1,133,85,5,1,100,6,63,0,0,0,35100,35100,0,16100
2016,1,133,143,1,1,144,81,4,1,100,6,63,0,0,40,74600,74600,53000,7600
2016,1,134,14,1,1,13,43,6,1,100,6,65,0,0,20,6200,6200,6200,0
2016,1,134,14,1,2,29,43,4,1,100,7,71,0,0,45,19700,19700,19700,0
2016,1,135,228,1,1,228,40,6,2,200,7,71,0,0,40,38000,38000,38000,0
2016,1,136,33,1,1,33,56,1,1,100,6,64,0,0,50,50000,53000,50000,0
2016,1,136,33,1,2,37,56,1,1,100,6,63,0,0,21,3000,53000,3000,0
2016,1,137,77,1,1,77,30,1,1,100,6,63,0,0,40,27000,27000,27000,0
2016,1,137,77,1,2,62,29,1,1,100,6,63,0,0,0,0,27000,0,0
2016,1,137,77,1,3,194,1,6,1,100,0,1,0,0,0,9999999,27000,999999,99999
2016,1,138,141,1,1,141,47,3,6,640,6,61,0,0,60,33000,33000,0,0
2016,1,138,141,1,2,161,13,6,6,640,2,25,0,0,0,9999999,33000,999999,99999
2016,1,139,108,1,1,109,48,1,2,200,10,101,61,6109,40,96000,101000,96000,0
2016,1,139,108,1,2,123,50,1,2,200,6,61,0,0,20,5000,101000,0,0
2016,1,140,9,1,1,9,61,1,1,100,6,63,0,0,0,16000,52600,0,14800
2016,1,140,9,1,2,13,58,1,1,100,6,65,0,0,0,36600,52600,0,25800
2016,1,141,510,1,1,510,24,4,1,100,3,30,0,0,40,5000,5000,5000,0
2016,1,141,510,1,2,322,9,6,1,100,1,16,0,0,0,9999999,5000,999999,99999
2016,1,141,510,1,3,337,3,6,1,100,0,2,0,0,0,9999999,5000,999999,99999
2016,1,141,510,1,4,336,0,6,1,100,0,1,0,0,0,9999999,5000,999999,99999
2016,1,141,510,1,5,438,25,6,1,100,5,50,0,0,40,25000,5000,25000,0
2016,1,142,94,1,1,95,72,5,1,100,6,65,0,0,0,20400,20400,0,20400
2016,1,143,220,1,1,221,51,4,1,100,6,63,0,0,0,15800,15800,0,13500
2016,1,143,220,1,2,331,17,6,1,100,5,50,0,0,0,0,15800,0,0
2016,1,144,156,1,1,157,24,6,1,100,10,101,62,6206,45,21400,21400,21400,0
2016,1,145,58,1,1,58,77,1,1,100,5,50,0,0,30,13300,17800,8000,5300
2016,1,145,58,1,2,88,79,1,1,100,6,61,0,0,0,4500,17800,0,4500
2016,1,146,66,1,1,66,42,1,1,100,10,101,62,6212,45,69000,118000,69000,0
2016,1,146,66,1,2,65,40,1,1,100,11,114,23,2304,40,49000,118000,49000,0
2016,1,146,66,1,3,82,15,6,1,100,3,30,0,0,0,0,118000,999999,0
2016,1,146,66,1,4,39,8,6,1,100,1,15,0,0,0,9999999,118000,999999,99999
2016,1,146,66,1,5,41,8,6,1,100,1,15,0,0,0,9999999,118000,999999,99999
2016,1,147,61,1,1,61,59,4,2,200,6,65,0,0,0,9000,9000,0,6100
2016,1,148,118,1,1,119,71,5,2,200,1,17,0,0,0,9000,9000,0,8400
2016,1,149,74,1,1,74,70,1,1,100,6,63,0,0,0,10140,40140,0,9800
2016,1,149,74,1,2,78,58,1,1,100,6,63,0,0,40,30000,40140,30000,0
2016,1,150,61,1,1,61,55,1,1,100,6,63,0,0,55,59000,79400,59000,0
2016,1,150,61,1,2,49,68,1,1,100,4,40,0,0,0,20400,79400,0,20400
2016,1,150,61,1,3,47,10,6,1,100,2,22,0,0,0,9999999,79400,999999,99999
2016,1,151,101,1,1,101,53,1,1,100,10,101,62,6201,40,71020,109920,71000,0
2016,1,151,101,1,2,102,53,1,1,100,11,116,19,1903,40,7200,109920,7200,0
2016,1,151,101,1,3,126,24,6,1,100,10,101,23,2314,40,23000,109920,23000,0
2016,1,151,101,1,4,115,22,6,1,100,10,101,48,4801,10,4800,109920,4800,0
2016,1,151,101,1,5,126,20,6,1,100,6,63,0,0,4,3900,109920,3900,0
2016,1,152,103,1,1,103,52,1,1,100,6,63,0,0,45,59000,169670,59000,0
2016,1,152,103,1,2,99,64,1,1,100,6,61,0,0,60,110670,169670,0,0
2016,1,153,112,1,1,112,50,6,1,100,6,61,0,0,50,19000,19000,0,0
2016,1,154,86,1,1,86,75,1,1,100,8,81,0,0,0,45650,78460,0,19400
2016,1,154,86,1,2,46,72,1,1,100,8,81,0,0,8,32810,78460,810,14000
2016,1,155,99,1,1,98,40,6,1,100,8,81,0,0,0,16000,16000,0,0
2016,1,156,174,1,1,173,37,6,2,200,6,63,0,0,40,40000,40000,40000,0
2016,1,156,174,1,2,222,11,6,2,200,2,22,0,0,0,9999999,40000,999999,99999
2016,1,156,174,1,3,222,8,6,2,200,1,15,0,0,0,9999999,40000,999999,99999
2016,1,157,230,1,1,229,45,1,2,200,7,71,0,0,0,15200,51200,0,15200
2016,1,157,230,1,2,240,37,1,2,200,8,81,0,0,40,32200,51200,32000,0
2016,1,157,230,1,3,169,16,6,2,200,3,30,0,0,0,3800,51200,0,3800
2016,1,158,18,1,1,18,30,6,2,200,0,2,0,0,20,5800,5800,5800,0
2016,1,158,18,1,2,14,3,6,2,200,0,2,0,0,0,9999999,5800,999999,99999
2016,1,159,57,1,1,58,57,1,1,100,8,81,0,0,40,26600,30900,14600,0
2016,1,159,57,1,2,65,56,1,1,100,6,65,0,0,0,4300,30900,0,0
2016,1,160,56,1,1,56,89,1,2,200,6,65,0,0,0,0,41950,0,0
2016,1,160,56,1,2,56,93,1,2,200,2,22,0,0,0,41800,41950,0,14400
2016,1,160,56,1,3,112,55,5,2,200,8,81,0,0,8,150,41950,150,0
2016,1,161,57,1,1,57,72,1,1,100,7,71,0,0,0,24000,35400,0,12000
2016,1,161,57,1,2,33,72,1,1,100,1,15,0,0,0,11400,35400,0,11400
2016,1,162,110,1,1,111,76,1,1,100,2,23,0,0,0,11100,15200,0,11100
2016,1,162,110,1,2,55,69,1,1,100,2,25,0,0,0,4100,15200,0,4100
2016,1,163,13,1,1,13,66,1,1,100,10,101,19,1901,40,78320,133420,78000,0
2016,1,163,13,1,2,13,60,1,1,100,10,101,29,2901,32,26100,133420,26100,0
2016,1,163,13,1,3,25,84,5,1,100,6,64,0,0,0,29000,133420,0,17600
2016,1,164,84,1,1,85,50,4,1,100,6,63,0,0,40,30000,30000,30000,0
2016,1,165,48,1,1,47,53,1,1,100,11,115,62,6203,45,50000,110000,0,0
2016,1,165,48,1,2,56,54,1,1,100,10,101,61,6107,36,60000,110000,60000,0
2016,1,166,87,1,1,87,49,1,2,200,8,81,0,0,40,72000,80000,72000,0
2016,1,166,87,1,2,54,50,1,2,200,4,40,0,0,0,0,80000,0,0
2016,1,166,87,1,3,122,24,6,2,200,7,71,0,0,20,8000,80000,8000,0
2016,1,167,36,1,1,36,25,6,1,100,6,65,0,0,70,38000,70000,38000,0
2016,1,167,36,1,2,80,25,6,1,100,6,65,0,0,50,32000,70000,32000,0
2016,1,168,32,1,1,33,49,1,1,100,7,71,0,0,40,8150,17950,8000,0
2016,1,168,32,1,2,41,45,1,1,100,7,71,0,0,0,9800,17950,0,0
2016,1,169,215,1,1,215,54,5,1,100,2,25,0,0,0,16300,16300,0,0
2016,1,170,13,3,1,13,69,6,1,100,7,71,0,0,0,8700,9999999,0,8700
2016,1,171,46,1,1,46,37,1,1,100,11,114,24,2414,40,111000,111000,111000,0
2016,1,171,46,1,2,60,36,1,1,100,11,114,62,6201,0,0,111000,0,0
2016,1,171,46,1,3,69,11,6,1,100,2,22,0,0,0,9999999,111000,999999,99999
2016,1,171,46,1,4,68,10,6,1,100,1,16,0,0,0,9999999,111000,999999,99999
2016,1,171,46,1,5,48,8,6,1,100,1,15,0,0,0,9999999,111000,999999,99999
2016,1,171,46,1,6,50,6,6,1,100,1,12,0,0,0,9999999,111000,999999,99999
2016,1,171,46,1,7,64,4,6,1,100,0,2,0,0,0,9999999,111000,999999,99999
2016,1,171,46,1,8,47,2,6,1,100,0,1,0,0,0,9999999,111000,999999,99999
2016,1,171,46,1,9,64,1,6,1,100,0,1,0,0,0,9999999,111000,999999,99999
2016,1,172,144,1,1,144,79,5,1,100,7,71,0,0,0,7200,7200,0,7200
2016,1,173,97,1,1,96,49,1,1,100,8,81,0,0,40,70000,70000,70000,0
2016,1,173,97,1,2,54,45,1,1,100,11,114,62,6201,0,0,70000,0,0
2016,1,173,97,1,3,78,13,6,1,100,2,23,0,0,0,9999999,70000,999999,99999
2016,1,174,25,3,1,25,37,6,1,100,7,71,0,0,40,14000,9999999,0,0
2016,1,175,81,1,1,81,61,1,1,100,10,101,64,6402,40,125000,195000,125000,0
2016,1,175,81,1,2,64,59,1,1,100,10,101,60,6006,50,70000,195000,70000,0
2016,1,176,9,1,1,9,79,1,1,100,6,65,0,0,0,17300,36500,0,0
2016,1,176,9,1,2,11,93,1,1,100,6,65,0,0,0,19200,36500,0,19200
2016,1,177,94,1,1,94,46,1,1,100,10,101,37,3700,40,100000,141500,100000,0
2016,1,177,94,1,2,103,44,1,1,100,10,101,60,6004,30,25500,141500,25500,0
2016,1,177,94,1,3,156,22,6,1,100,6,63,0,0,40,16000,141500,16000,0
2016,1,177,94,1,4,88,16,6,1,100,4,40,0,0,0,0,141500,0,0
2016,1,178,185,1,1,184,27,6,2,200,7,71,0,0,36,49500,49500,49500,0
2016,1,179,68,3,1,68,42,4,1,100,6,64,0,0,0,0,9999999,0,0
2016,1,180,264,1,1,263,56,4,1,100,5,50,0,0,0,20000,20000,0,0
2016,1,181,160,1,1,161,59,1,1,100,11,116,61,6100,42,622000,665000,356000,0
2016,1,181,160,1,2,139,67,1,1,100,11,116,55,5507,0,43000,665000,0,18400
2016,1,182,198,1,1,198,29,6,1,100,7,71,0,0,0,12000,12000,0,0
2016,1,182,198,1,2,197,8,6,8,801,1,14,0,0,0,9999999,12000,999999,99999
2016,1,183,145,1,1,146,49,1,7,700,7,71,0,0,35,8900,25700,8900,0
2016,1,183,145,1,2,125,39,1,7,700,6,63,0,0,40,16800,25700,16800,0
2016,1,183,145,1,3,155,13,6,7,700,2,23,0,0,0,9999999,25700,999999,99999
2016,1,184,242,1,1,241,20,6,2,200,6,65,0,0,0,0,0,0,0
2016,1,184,242,1,2,845,20,6,2,200,6,65,0,0,0,0,0,0,0
2016,1,185,100,1,1,101,53,1,1,100,10,101,62,6200,50,78000,158000,78000,0
2016,1,185,100,1,2,124,67,1,1,100,10,101,19,1901,40,80000,158000,80000,0
2016,1,186,18,1,1,18,75,5,1,100,7,71,0,0,0,12000,12000,0,2000
2016,1,187,79,3,1,79,22,4,1,100,4,40,0,0,22,4800,9999999,4800,0
2016,1,188,64,1,1,64,53,6,1,100,10,101,26,2602,30,27000,27000,0,0
2016,1,189,85,1,1,85,75,6,1,100,7,71,0,0,0,18000,18000,0,13000
2016,1,190,16,4,1,16,19,6,2,200,7,71,0,0,20,3000,9999999,3000,0
2016,1,191,117,1,1,117,69,4,1,100,8,81,0,0,0,29200,29200,0,19000
2016,1,191,117,1,2,161,60,4,1,100,8,81,0,0,40,34700,29200,32000,0
2016,1,192,36,1,1,36,52,4,2,200,8,81,0,0,36,7800,10300,7800,0
2016,1,192,36,1,2,86,25,6,2,200,7,71,0,0,40,2500,10300,2500,0
2016,1,193,224,1,1,224,79,1,2,200,6,63,0,0,0,54300,87900,0,24300
2016,1,193,224,1,2,208,75,1,2,200,6,63,0,0,0,33600,87900,0,12000
2016,1,194,122,1,1,122,43,1,1,100,6,65,0,0,48,100000,145000,100000,0
2016,1,194,122,1,2,159,42,1,1,100,6,63,0,0,40,30000,145000,30000,0
2016,1,194,122,1,3,128,20,6,1,100,6,63,0,0,30,15000,145000,15000,0
2016,1,194,122,1,4,175,14,6,1,100,2,26,0,0,0,9999999,145000,999999,99999
2016,1,194,122,1,5,178,12,6,1,100,2,25,0,0,0,9999999,145000,999999,99999
2016,1,194,122,1,6,158,20,6,1,100,6,63,0,0,30,15000,15000,15000,0
2016,1,195,26,1,1,26,56,4,1,100,6,64,0,0,0,0,0,0,0
2016,1,196,35,1,1,35,83,1,1,100,2,26,0,0,0,13200,18300,0,13200
2016,1,196,35,1,2,34,77,1,1,100,4,40,0,0,0,5100,18300,0,5100
2016,1,197,42,1,1,42,58,4,2,200,5,50,0,0,0,14700,14700,0,0
2016,1,198,118,1,1,118,43,1,1,100,8,81,0,0,15,21900,21900,5000,15600
2016,1,198,118,1,2,210,43,1,6,600,0,2,0,0,0,0,21900,0,0
2016,1,198,118,1,3,120,10,6,8,834,1,17,0,0,0,9999999,21900,999999,99999
2016,1,199,433,1,1,432,39,1,1,100,11,115,61,6107,24,50000,200000,50000,0
2016,1,199,433,1,2,636,38,1,1,100,11,115,13,1302,45,150000,200000,150000,0
2016,1,199,433,1,3,375,11,6,1,100,1,15,0,0,0,9999999,200000,999999,99999
2016,1,199,433,1,4,375,9,6,1,100,1,17,0,0,0,9999999,200000,999999,99999
2016,1,199,433,1,5,226,2,6,1,100,0,1,0,0,0,9999999,200000,999999,99999
2016,1,199,433,1,6,225,2,6,1,100,0,1,0,0,0,9999999,200000,999999,99999
2016,1,200,106,1,1,106,76,1,1,100,10,101,62,6203,25,28000,61900,13000,13000
2016,1,200,106,1,2,144,76,1,1,100,6,65,0,0,25,33900,61900,13000,18000
2016,1,201,46,1,1,46,74,3,1,100,6,63,0,0,3,40,40,40,0
2016,1,202,98,1,1,98,72,1,2,200,7,71,0,0,0,53800,73800,0,20800
2016,1,202,98,1,2,85,54,1,6,600,0,2,0,0,0,0,73800,0,0
2016,1,202,98,1,3,182,27,6,6,600,7,71,0,0,36,20000,73800,20000,0
2016,1,202,98,1,4,67,8,6,2,200,1,15,0,0,0,9999999,73800,999999,99999
2016,1,202,98,1,5,67,7,6,2,200,1,15,0,0,0,9999999,73800,999999,99999
2016,1,203,17,1,1,17,37,1,1,100,7,71,0,0,40,35000,71820,35000,0
2016,1,203,17,1,2,23,32,1,1,100,8,81,0,0,40,32000,71820,32000,0
2016,1,203,17,1,3,15,7,6,1,100,1,14,0,0,0,9999999,71820,999999,99999
2016,1,203,17,1,4,30,16,6,1,100,4,40,0,0,40,4820,71820,520,0
2016,1,204,5,4,1,5,62,6,2,200,6,64,0,0,0,8800,9999999,0,0
2016,1,205,10,1,1,9,68,5,1,100,7,71,0,0,10,21000,21000,3000,18000
2016,1,205,10,1,2,27,43,6,1,100,6,63,0,0,0,0,21000,0,0
2016,1,205,10,1,3,25,69,4,1,100,4,40,0,0,30,57190,57190,36800,20300
2016,1,206,18,3,1,18,45,6,2,200,6,64,0,0,40,20000,9999999,20000,0
2016,1,207,9,4,1,9,73,6,1,100,2,25,0,0,0,8800,9999999,0,0
2016,1,208,94,1,1,94,53,1,2,200,6,63,0,0,40,69000,150000,59000,0
2016,1,208,94,1,2,84,55,1,2,200,10,101,24,2406,40,81000,150000,81000,0
2016,1,209,61,1,1,61,54,1,1,100,10,101,62,6200,48,168000,189700,96000,0
2016,1,209,61,1,2,70,53,1,1,100,10,101,19,1904,0,0,189700,0,0
2016,1,209,61,1,3,121,28,6,1,100,11,115,61,6100,40,15800,189700,15000,0
2016,1,209,61,1,4,64,23,6,1,100,0,2,0,0,0,5900,189700,0,0
2016,1,210,87,1,1,87,74,5,1,100,4,40,0,0,60,106000,146000,0,26000
2016,1,210,87,1,2,115,52,4,1,100,6,64,0,0,40,40000,146000,0,0
2016,1,210,87,1,3,67,22,3,1,100,5,50,0,0,45,20000,20000,20000,0
2016,1,211,78,3,1,78,44,6,2,200,3,30,0,0,0,0,9999999,0,0
2016,1,212,22,1,1,23,66,1,2,200,6,65,0,0,0,25500,73400,0,25500
2016,1,212,22,1,2,16,67,1,2,200,10,101,23,2300,0,47900,73400,0,21700
2016,1,213,118,1,1,119,57,4,1,100,10,101,19,1904,0,22000,82000,0,22000
2016,1,213,118,1,2,154,60,6,1,100,11,114,29,2901,50,60000,82000,60000,0
2016,1,214,484,1,1,484,26,1,2,200,7,71,0,0,40,25800,53800,21000,0
2016,1,214,484,1,2,124,27,1,1,100,7,71,0,0,40,28000,53800,28000,0
2016,1,214,484,1,3,794,6,6,2,200,1,11,0,0,0,9999999,53800,999999,99999
2016,1,215,17,1,1,18,66,5,1,100,8,81,0,0,0,142000,155100,0,0
2016,1,215,17,1,2,39,93,5,1,100,2,26,0,0,0,13100,155100,0,6000
2016,1,216,36,1,1,36,57,6,6,685,6,65,0,0,40,44000,44000,44000,0
2016,1,216,36,1,2,39,67,4,6,685,6,64,0,0,0,5900,44000,0,0
2016,1,217,60,1,1,59,58,6,1,100,7,71,0,0,40,53000,53000,53000,0
2016,1,218,123,1,1,123,52,6,1,100,6,64,0,0,38,23000,23000,23000,0
2016,1,219,114,1,1,114,57,1,2,200,6,63,0,0,40,50000,85000,50000,0
2016,1,219,114,1,2,82,56,1,2,200,7,71,0,0,40,35000,85000,35000,0
2016,1,219,114,1,3,87,7,6,1,100,1,14,0,0,0,9999999,9999999,999999,99999
2016,1,220,39,1,1,40,60,6,2,200,8,81,0,0,27,14200,34800,14200,0
2016,1,220,39,1,2,62,40,6,2,200,6,65,0,0,40,20600,34800,20600,0
2016,1,221,117,1,1,117,66,1,1,100,10,101,54,5401,40,164100,164100,130000,28800
2016,1,221,117,1,2,118,56,1,1,100,10,101,23,2300,0,0,164100,0,0
2016,1,222,77,1,1,77,74,4,1,100,6,63,0,0,0,28800,28800,0,18000
2016,1,222,77,1,2,98,85,4,1,100,4,40,0,0,0,24000,28800,0,18000
2016,1,223,107,1,1,107,61,4,1,100,10,101,24,2413,60,132040,181640,132000,0
2016,1,223,107,1,2,198,26,6,1,100,10,101,13,1301,32,15500,181640,15000,0
2016,1,223,107,1,3,195,88,5,1,100,6,63,0,0,0,34100,181640,0,10100
2016,1,223,107,1,4,100,2,6,1,100,0,1,0,0,0,9999999,181640,999999,99999
2016,1,224,95,1,1,95,78,5,1,100,11,114,61,6107,0,87000,87000,0,13000
2016,1,225,55,1,1,56,80,4,2,200,6,65,0,0,0,17000,17000,0,13000
2016,1,226,66,1,1,65,58,4,2,200,8,81,0,0,0,25200,25200,0,0
2016,1,227,39,1,1,40,52,6,2,200,2,25,0,0,0,10000,10000,0,10000
2016,1,228,61,1,1,61,79,5,1,100,7,71,0,0,28,37800,37800,12600,0
2016,1,229,62,1,1,63,73,1,2,200,8,81,0,0,0,54300,64300,0,20500
2016,1,229,62,1,2,34,74,1,2,200,2,23,0,0,0,10000,64300,0,10000
2016,1,230,87,1,1,87,71,1,1,100,6,64,0,0,25,56000,81000,25000,12000
2016,1,230,87,1,2,100,70,1,1,100,6,61,0,0,0,25000,81000,0,13000
2016,1,231,159,1,1,159,34,6,2,200,10,101,62,6203,10,600,600,600,0
2016,1,232,43,1,1,43,43,4,3,310,6,63,0,0,0,12000,12000,0,12000
2016,1,233,118,1,1,118,57,4,1,100,8,81,0,0,0,32400,32400,0,0
2016,1,233,118,1,2,131,14,6,1,100,2,26,0,0,0,9999999,32400,999999,99999
2016,1,234,158,1,1,158,61,1,2,200,6,63,0,0,0,1300,31300,0,0
2016,1,234,158,1,2,174,54,1,2,200,6,61,0,0,48,30000,31300,30000,0
2016,1,234,158,1,3,186,19,6,2,200,6,63,0,0,0,0,31300,0,0
2016,1,235,81,1,1,81,67,1,2,200,6,63,0,0,0,18300,27500,0,10800
2016,1,235,81,1,2,57,64,1,2,200,6,65,0,0,3,9200,27500,0,6000
2016,1,236,46,1,1,46,58,1,1,100,8,81,0,0,0,142000,142000,0,0
2016,1,236,46,1,2,78,52,1,1,100,8,81,0,0,0,0,142000,0,0
2016,1,237,35,1,1,34,85,1,1,100,6,63,0,0,0,40800,130500,0,3000
2016,1,237,35,1,2,37,85,1,1,100,7,71,0,0,20,89700,130500,7800,5500
2016,1,238,40,1,1,40,26,2,2,200,6,63,0,0,0,0,0,0,0
2016,1,238,40,1,2,143,4,6,2,200,1,11,0,0,0,9999999,0,999999,99999
2016,1,238,40,1,3,143,0,6,2,200,0,1,0,0,0,9999999,0,999999,99999
2016,1,239,86,1,1,85,61,1,1,100,6,63,0,0,50,62000,74000,62000,0
2016,1,239,86,1,2,116,56,1,1,100,6,63,0,0,40,12000,74000,12000,0
2016,1,240,25,1,1,25,76,1,1,100,7,71,0,0,0,40800,65800,0,18000
2016,1,240,25,1,2,18,70,1,1,100,6,63,0,0,0,25000,65800,0,13000
2016,1,241,98,1,1,98,75,1,1,100,11,114,23,2309,0,54000,88600,0,21600
2016,1,241,98,1,2,84,73,1,1,100,11,114,23,2304,0,34600,88600,0,10600
2016,1,242,131,1,1,132,66,1,2,200,6,63,0,0,0,12000,12000,0,12000
2016,1,242,131,1,2,87,52,1,2,200,6,63,0,0,0,0,12000,0,0
2016,1,243,63,1,1,63,52,1,2,200,7,71,0,0,40,26000,154000,26000,0
2016,1,243,63,1,2,88,54,1,2,200,6,63,0,0,40,78000,154000,78000,0
2016,1,243,63,1,3,267,32,6,2,200,7,71,0,0,40,25000,154000,25000,0
2016,1,243,63,1,4,282,27,6,2,200,10,101,53,5301,40,25000,154000,25000,0
2016,1,243,63,1,5,150,8,6,2,200,1,15,0,0,0,9999999,154000,999999,99999
2016,1,243,63,1,6,98,6,6,2,200,1,12,0,0,0,9999999,154000,999999,99999
2016,1,243,63,1,7,177,0,6,2,200,0,1,0,0,0,9999999,154000,999999,99999
2016,1,244,95,1,1,95,66,1,1,100,6,65,0,0,0,35000,64400,0,22000
2016,1,244,95,1,2,113,63,1,1,100,8,81,0,0,0,29400,64400,0,16400
2016,1,245,109,1,1,110,73,1,1,100,8,81,0,0,0,15601,78501,0,15600
2016,1,245,109,1,2,137,69,1,1,100,6,63,0,0,15,62900,78501,0,18000
2016,1,246,69,1,1,68,67,1,1,100,11,115,54,5404,0,0,0,0,0
2016,1,246,69,1,2,70,65,1,1,100,11,116,33,3301,0,0,0,0,0
2016,1,247,90,1,1,90,47,1,1,100,8,81,0,0,50,98000,129200,98000,0
2016,1,247,90,1,2,99,54,1,1,100,8,81,0,0,40,31200,129200,31200,0
2016,1,248,356,1,1,356,39,6,1,100,6,63,0,0,0,13800,13800,0,0
2016,1,249,35,1,1,35,68,5,1,100,6,63,0,0,0,55400,55400,0,28800
2016,1,250,12,1,1,11,57,1,2,200,6,63,0,0,40,36000,92600,36000,0
2016,1,250,12,1,2,11,58,1,2,200,6,64,0,0,40,56600,92600,35000,0
2016,1,251,140,1,1,141,41,4,2,200,8,81,0,0,40,22000,27400,22000,0
2016,1,251,140,1,2,270,18,6,2,200,6,65,0,0,18,5400,27400,5400,0
2016,1,251,140,1,3,115,14,6,2,200,2,26,0,0,0,9999999,27400,999999,99999
2016,1,252,63,4,1,63,21,3,4,400,6,65,0,0,40,5000,9999999,5000,0
2016,1,253,100,1,1,100,65,4,1,100,11,114,52,5200,0,33600,33600,0,15600
2016,1,254,54,1,1,54,34,4,1,100,6,63,0,0,40,39000,39000,35000,0
2016,1,255,19,1,1,20,78,5,1,100,8,81,0,0,40,29500,29500,6500,12500
2016,1,256,74,3,1,74,71,6,1,100,3,30,0,0,0,8400,9999999,0,8400
2016,1,257,76,1,1,77,68,1,1,100,11,114,64,6402,24,90000,98500,24000,24200
2016,1,257,76,1,2,57,69,1,1,100,10,101,23,2304,0,8500,98500,0,8500
2016,1,258,38,1,1,38,55,4,1,100,7,71,0,0,38,31800,31800,31800,0
2016,1,258,38,1,2,52,12,6,1,100,2,25,0,0,0,9999999,31800,999999,99999
2016,1,258,38,1,3,50,11,6,1,100,2,23,0,0,0,9999999,31800,999999,99999
2016,1,259,18,1,1,18,60,1,1,100,10,101,62,6206,0,30000,660000,0,0
2016,1,259,18,1,2,18,64,1,1,100,10,101,24,2499,55,630000,660000,120000,0
2016,1,260,66,1,1,66,54,6,2,200,7,71,0,0,46,52000,98000,52000,0
2016,1,260,66,1,2,113,37,6,2,200,6,64,0,0,40,46000,98000,46000,0
2016,1,260,66,1,3,65,15,6,2,200,3,30,0,0,0,0,98000,999999,0
2016,1,261,125,1,1,125,70,1,1,100,6,63,0,0,0,18990,28090,0,18600
2016,1,261,125,1,2,105,70,1,1,100,6,63,0,0,0,9100,28090,0,9100
2016,1,262,59,1,1,59,86,4,1,100,11,115,23,2304,0,41300,41300,0,16800
2016,1,263,100,1,1,99,40,1,1,100,6,63,0,0,35,12000,62000,12000,0
2016,1,263,100,1,2,62,43,1,1,100,6,63,0,0,40,50000,62000,50000,0
2016,1,263,100,1,3,51,18,6,1,100,5,50,0,0,0,0,62000,0,0
2016,1,263,100,1,4,66,14,6,1,100,2,26,0,0,0,9999999,62000,999999,99999
2016,1,264,232,1,1,232,62,4,1,100,7,71,0,0,0,0,0,0,0
2016,1,264,232,1,2,183,76,5,1,100,6,63,0,0,0,12000,0,0,12000
2016,1,265,19,1,1,19,54,1,1,100,10,101,62,6201,40,106000,242000,0,0
2016,1,265,19,1,2,16,55,1,1,100,6,63,0,0,50,56000,242000,0,0
2016,1,265,19,1,3,23,28,6,1,100,10,101,62,6201,80,80000,242000,80000,0
2016,1,266,251,1,1,251,24,6,2,200,6,63,0,0,40,23000,23000,23000,0
2016,1,266,251,1,2,202,2,6,2,200,0,1,0,0,0,9999999,23000,999999,99999
2016,1,266,251,1,3,203,0,6,2,200,0,1,0,0,0,9999999,23000,999999,99999
2016,1,267,149,1,1,149,42,1,1,100,1,12,0,0,56,7800,7800,7800,0
2016,1,267,149,1,2,153,42,1,1,100,0,2,0,0,0,0,7800,0,0
2016,1,267,149,1,3,160,14,6,1,100,1,17,0,0,0,9999999,7800,999999,99999
2016,1,267,149,1,4,155,2,6,1,100,0,1,0,0,0,9999999,7800,999999,99999
2016,1,268,14,1,1,14,79,1,1,100,6,63,0,0,0,17000,38800,0,17000
2016,1,268,14,1,2,11,80,1,1,100,6,63,0,0,0,21800,38800,0,8200
2016,1,269,25,1,1,25,53,1,1,100,6,65,0,0,40,29000,29000,29000,0
2016,1,269,25,1,2,16,53,1,1,100,10,101,62,6212,0,0,29000,0,0
2016,1,269,25,1,3,24,20,6,1,100,6,65,0,0,0,0,29000,0,0
2016,1,270,38,1,1,37,35,6,1,100,8,81,0,0,35,15000,15000,15000,0
2016,1,270,38,1,2,55,16,6,1,100,4,40,0,0,0,0,15000,0,0
2016,1,270,38,1,3,49,4,6,8,801,0,2,0,0,0,9999999,15000,999999,99999
2016,1,271,126,1,1,126,40,1,1,100,10,101,62,6206,50,65000,230000,58000,0
2016,1,271,126,1,2,129,38,1,1,100,11,114,55,5506,50,165000,230000,165000,0
2016,1,271,126,1,3,116,11,6,1,100,1,17,0,0,0,9999999,230000,999999,99999
2016,1,271,126,1,4,137,7,6,1,100,1,12,0,0,0,9999999,230000,999999,99999
2016,1,271,126,1,5,239,4,6,1,100,0,2,0,0,0,9999999,230000,999999,99999
2016,1,272,105,1,1,105,77,1,1,100,7,71,0,0,0,20400,44400,0,15600
2016,1,272,105,1,2,98,74,1,1,100,7,71,0,0,0,24000,44400,0,13200
2016,1,273,49,1,1,49,57,4,1,100,6,65,0,0,30,11800,11800,11800,0
2016,1,274,10,1,1,10,93,5,1,100,6,64,0,0,0,25800,25800,0,10800
2016,1,275,59,1,1,59,40,1,1,100,6,63,0,0,60,80000,88000,80000,0
2016,1,275,59,1,2,78,40,1,1,100,6,63,0,0,20,6000,88000,6000,0
2016,1,275,59,1,3,124,17,6,1,100,4,40,0,0,20,2000,88000,2000,0
2016,1,275,59,1,4,57,14,6,1,100,2,23,0,0,0,9999999,88000,999999,99999
2016,1,276,106,1,1,107,93,5,1,100,3,30,0,0,0,14500,14500,0,14500
2016,1,277,87,1,1,87,66,1,6,610,11,114,24,2400,40,70000,80100,70000,0
2016,1,277,87,1,2,90,66,1,6,610,5,50,0,0,0,10100,80100,0,9000
2016,1,278,158,1,1,158,49,3,6,630,6,63,0,0,40,26400,26400,26400,0
2016,1,279,103,1,1,103,93,5,2,200,0,2,0,0,0,12000,12000,0,12000
2016,1,280,21,4,1,21,21,6,1,100,7,71,0,0,6,2900,9999999,2400,0
2016,1,281,73,1,1,72,48,1,1,100,5,50,0,0,45,45000,57100,45000,0
2016,1,281,73,1,2,81,48,1,3,308,6,63,0,0,0,12100,57100,0,0
2016,1,282,383,1,1,384,61,1,1,100,6,63,0,0,0,0,40000,0,0
2016,1,282,383,1,2,367,64,1,1,100,8,81,0,0,40,40000,40000,40000,0
2016,1,283,11,4,1,11,22,6,2,200,7,71,0,0,16,1600,9999999,1600,0
2016,1,284,88,1,1,88,69,5,1,100,6,63,0,0,0,22200,22200,0,11800
2016,1,284,88,1,2,169,43,6,1,100,6,63,0,0,0,0,22200,0,0
2016,1,285,132,1,1,133,47,4,2,200,11,116,62,6207,50,50000,50000,50000,0
2016,1,286,13,1,1,13,75,1,1,100,6,63,0,0,0,12050,50550,0,12000
2016,1,286,13,1,2,12,67,1,1,100,6,64,0,0,40,38500,50550,38500,0
2016,1,287,143,1,1,143,39,1,2,200,5,50,0,0,40,23000,68000,23000,0
2016,1,287,143,1,2,169,31,1,2,200,6,64,0,0,40,45000,68000,45000,0
2016,1,287,143,1,3,184,8,6,2,200,1,14,0,0,0,9999999,68000,999999,99999
2016,1,288,19,1,1,19,79,4,1,100,6,63,0,0,20,16900,16900,8500,8400
2016,1,289,44,1,1,44,62,6,2,200,10,101,50,5098,60,12000,61000,12000,0
2016,1,289,44,1,2,82,29,6,2,200,11,114,37,3700,40,49000,61000,42000,7000
2016,1,289,44,1,3,52,9,6,2,200,1,16,0,0,0,9999999,61000,999999,99999
2016,1,290,97,1,1,97,28,1,1,100,6,63,0,0,40,50000,115000,50000,0
2016,1,290,97,1,2,112,42,1,1,100,0,2,0,0,84,65000,115000,65000,0
2016,1,291,79,3,1,79,66,6,2,200,2,22,0,0,0,0,9999999,0,0
2016,1,292,141,1,1,141,36,1,6,600,10,101,61,6105,40,46000,94700,46000,0
2016,1,292,141,1,2,142,36,1,6,600,10,101,62,6203,40,48700,94700,44000,0
2016,1,292,141,1,3,324,7,6,6,600,1,12,0,0,0,9999999,94700,999999,99999
2016,1,292,141,1,4,323,5,6,6,600,1,11,0,0,0,9999999,94700,999999,99999
2016,1,293,116,1,1,115,33,1,2,200,10,101,21,2102,40,48000,113000,48000,0
2016,1,293,116,1,2,185,33,1,2,200,11,114,62,6203,40,65000,113000,65000,0
2016,1,294,83,1,1,83,33,1,1,100,10,101,62,6203,45,70500,141000,70000,0
2016,1,294,83,1,2,79,28,1,1,100,10,101,62,6207,40,70500,141000,70000,0
2016,1,294,83,1,3,78,1,6,1,100,0,1,0,0,0,9999999,141000,999999,99999
2016,1,295,135,1,1,135,63,4,1,100,6,63,0,0,45,40000,52000,40000,0
2016,1,295,135,1,2,223,40,3,1,100,7,71,0,0,20,12000,52000,0,0
2016,1,296,77,4,1,77,19,6,1,100,7,71,0,0,2,12150,9999999,150,0
2016,1,297,19,1,1,19,52,1,1,100,11,114,62,6203,45,100000,100000,100000,0
2016,1,297,19,1,2,27,53,1,1,100,6,65,0,0,0,0,100000,0,0
2016,1,298,256,1,1,256,42,6,2,200,8,81,0,0,40,24000,40500,24000,0
2016,1,298,256,1,2,332,20,6,2,200,6,63,0,0,40,16500,40500,16500,0
2016,1,299,94,1,1,94,67,1,1,100,11,114,55,5506,50,46000,171000,10000,16000
2016,1,299,94,1,2,122,62,1,1,100,11,116,19,1903,50,125000,171000,125000,0
2016,1,300,63,3,1,63,28,3,1,100,3,30,0,0,3,400,9999999,400,0
2016,1,301,89,1,1,89,41,1,2,200,6,65,0,0,40,40000,66000,40000,0
2016,1,301,89,1,2,79,42,1,2,200,10,101,24,2406,30,26000,66000,0,0
2016,1,302,166,1,1,167,33,1,1,100,6,63,0,0,47,26000,26000,26000,0
2016,1,302,166,1,2,141,30,1,1,100,6,63,0,0,0,0,26000,0,0
2016,1,302,166,1,3,96,11,6,1,100,2,22,0,0,0,9999999,26000,999999,99999
2016,1,302,166,1,4,96,8,6,1,100,1,16,0,0,0,9999999,26000,999999,99999
2016,1,303,70,1,1,69,77,5,1,100,6,63,0,0,12,900,900,900,0
2016,1,304,122,1,1,122,61,2,2,200,10,101,61,6199,50,90000,109200,90000,0
2016,1,304,122,1,2,229,34,4,2,200,10,101,61,6102,0,19200,109200,0,18900
2016,1,305,106,1,1,106,61,1,1,100,10,101,19,1902,0,3000,148000,0,0
2016,1,305,106,1,2,79,63,1,1,100,11,114,23,2399,50,145000,148000,142000,0
2016,1,306,65,3,1,65,29,3,1,100,3,30,0,0,0,0,9999999,0,0
2016,1,307,19,1,1,19,53,2,1,100,11,115,61,6107,55,26500,26500,25000,0
2016,1,308,104,1,1,105,51,2,1,100,2,22,0,0,40,33000,33000,33000,0
2016,1,308,104,1,2,278,8,6,1,100,1,14,0,0,0,9999999,33000,999999,99999
2016,1,309,87,1,1,88,59,5,1,100,8,81,0,0,32,41200,41200,24000,0
2016,1,310,74,1,1,74,70,4,2,200,6,63,0,0,0,52500,107570,0,17600
2016,1,310,74,1,2,134,37,6,2,200,11,114,55,5507,40,55070,107570,51000,0
2016,1,310,74,1,3,102,16,6,2,200,4,40,0,0,0,0,107570,0,0
2016,1,311,68,1,1,68,82,1,1,100,6,63,0,0,0,1700,5200,0,0
2016,1,311,68,1,2,64,84,1,1,100,6,63,0,0,0,3500,5200,0,2300
2016,1,312,39,3,1,39,34,6,1,100,5,50,0,0,45,7500,9999999,7500,0
2016,1,313,290,1,1,291,57,6,1,100,7,71,0,0,0,15200,22900,0,0
2016,1,313,290,1,2,393,57,6,1,100,6,63,0,0,0,7700,22900,0,0
2016,1,314,88,1,1,89,35,1,1,100,7,71,0,0,40,46000,118000,46000,0
2016,1,314,88,1,2,72,41,1,1,100,11,114,64,6402,40,72000,118000,72000,0
2016,1,314,88,1,3,105,8,6,1,100,1,15,0,0,0,9999999,118000,999999,99999
2016,1,315,19,1,1,18,59,1,1,100,6,64,0,0,0,17900,65060,0,17900
2016,1,315,19,1,2,14,65,1,1,100,6,63,0,0,0,23060,65060,0,13400
2016,1,315,19,1,3,37,33,6,1,100,6,63,0,0,50,24100,65060,24100,0
2016,1,316,82,1,1,82,36,1,1,100,10,101,23,2310,45,54000,106000,54000,0
2016,1,316,82,1,2,35,34,1,1,100,10,101,23,2304,65,52000,106000,52000,0
2016,1,317,50,1,1,49,40,1,1,100,10,101,61,6107,40,60000,60000,60000,0
2016,1,317,50,1,2,50,39,1,1,100,8,81,0,0,0,0,60000,0,0
2016,1,317,50,1,3,36,16,6,1,100,4,40,0,0,0,0,60000,0,0